#Set up 3 axies chart
fig = plt.figure ()
ax = fig.add_subplot(111, projection='3d')

X=(11.6,20,20,20,20,13,-35,-28,-21,-14,-7,0,11.6,20,20,20,20,13,-35,-28,-21,-14,-7,0,-11.6,-20,-20,-20,-20,-13,35,28,21,14,7,0,-11.6,-20,-20,-20,-20,-13,35,28,21,14,7,0)
Y=(0,7,14,21,28,35,-13,-20,-20,-20,-20,-11.6,0,-7,-14,-21,-28,-35,13,20,20,20,20,11.6,0,7,14,21,28,35,-13,-20,-20,-20,-20,-11.6,0,-7,-14,-21,-28,-35,13,20,20,20,20,11.6)
Z=(0,0,0,0,0,0,0,0,0,0,0,0,0,0,0,0,0,0,0,0,0,0,0,0,0,0,0,0,0,0,0,0,0,0,0,0)

#Make 3d plot or origonal XYZ data
ax.plot3D(X,Y,Z,'*-')

#Show 3d plot
plt.show()

